DATA_UTC,LON,LAT,ALT,UF,REG,COD,ACUM,14,15,16,17,18,19,20,21,22,23,00,01,02,03,04,05,06,07,08,09,10,11,12,13
2020-12-17,-51.71777777,-17.92388888,58,GO,CO,A016,0.2,0.0,0.0,0.0,0.0,0.0,0.2,0.0,0.0,0.0,0.0,0.0,0.0,0.0,0.0,0.0,0.0,0.0,0.0,0.0,0.0,0.0,0.0,0.0,0.0
2020-12-17,-54.6,-20.45,53,MS,CO,A702,0.2,0.0,0.0,0.0,0.0,0.2,0.0,0.0,0.0,0.0,0.0,0.0,0.0,0.0,0.0,0.0,0.0,0.0,0.0,0.0,0.0,0.0,0.0,0.0,0.0
2020-12-17,-55.71638888,-22.5525,67,MS,CO,A703,0.4,0.0,0.4,0.0,0.0,0.0,0.0,0.0,0.0,0.0,0.0,0.0,0.0,0.0,0.0,0.0,0.0,0.0,0.0,0.0,0.0,0.0,0.0,0.0,0.0
2020-12-17,-54.52805554,-21.77472221,32,MS,CO,A743,0.2,0.0,0.0,0.0,0.0,0.0,0.0,0.0,0.0,0.0,0.0,0.0,0.2,0.0,0.0,0.0,0.0,0.0,0.0,0.0,0.0,0.0,0.0,0.0,0.0
2020-12-17,-54.18166666,-23.44944444,33,MS,CO,A752,47.6,0.0,0.0,0.2,0.0,13.6,12.8,16.4,2.0,0.0,0.0,0.0,0.0,0.2,0.0,0.0,0.0,0.0,0.0,0.0,0.0,2.4,0.0,0.0,0.0
2020-12-17,-52.87555554,-20.44444444,33,MS,CO,A756,24.0,0.2,0.0,0.0,0.0,0.0,0.0,0.0,0.0,6.0,1.2,16.4,0.2,0.0,0.0,0.0,0.0,0.0,0.0,0.0,0.0,0.0,0.0,0.0,0.0
2020-12-17,-53.76361111,-22.14805555,34,MS,CO,S701,5.4,0.0,0.0,0.0,0.0,0.0,0.0,0.0,0.0,5.2,0.0,0.0,0.0,0.0,0.0,0.0,0.0,0.0,0.0,0.0,0.2,0.0,0.0,0.0,0.0
2020-12-17,-55.6261111,-22.955,60,MS,CO,S702,53.2,0.0,0.0,0.0,1.4,45.6,6.0,0.2,0.0,0.0,0.0,0.0,0.0,0.0,0.0,0.0,0.0,0.0,0.0,0.0,0.0,0.0,0.0,0.0,0.0
2020-12-17,-54.81944443,-22.65694444,5,MS,CO,S706,34.0,0.0,0.0,0.0,0.0,0.0,4.0,2.8,1.4,0.0,0.0,0.0,0.0,0.0,0.0,0.0,0.0,0.0,0.0,0.0,0.0,6.6,1.0,7.8,10.4
2020-12-17,-54.57027777,-23.64444444,31,MS,CO,S709,44.2,0.0,0.0,0.0,0.0,0.0,0.0,0.0,0.0,0.0,0.0,0.0,0.0,0.0,4.2,20.6,17.6,1.8,0.0,0.0,0.0,0.0,0.0,0.0,0.0
2020-12-17,-54.79888888,-22.09277777,36,MS,CO,S710,0.8,0.0,0.0,0.0,0.0,0.0,0.4,0.0,0.0,0.0,0.2,0.0,0.0,0.0,0.0,0.0,0.0,0.0,0.2,0.0,0.0,0.0,0.0,0.0,0.0
2020-12-17,-53.76305555,-20.46666666,43,MS,CO,S715,3.2,0.0,0.0,0.0,0.0,3.2,0.0,0.0,0.0,0.0,0.0,0.0,0.0,0.0,0.0,0.0,0.0,0.0,0.0,0.0,0.0,0.0,0.0,0.0,0.0
2020-12-17,-59.45111111,-10.16583333,10,MT,CO,A911,0.4,0.0,0.0,0.0,0.0,0.0,0.0,0.0,0.0,0.0,0.0,0.0,0.0,0.0,0.0,0.0,0.0,0.4,0.0,0.0,0.0,0.0,0.0,0.0,0.0
2020-12-17,-59.76277777,-13.70861111,59,MT,CO,A913,35.6,0.0,0.0,0.0,0.0,8.4,11.2,0.0,0.0,0.0,0.0,0.0,0.0,0.0,0.0,0.0,0.0,0.0,0.0,0.4,15.0,0.6,0.0,0.0,0.0
2020-12-17,-69.92722221,-9.3575,18,AC,N,A102,41.4,30.8,8.0,2.4,0.0,0.0,0.0,0.0,0.0,0.0,0.0,0.0,0.0,0.0,0.0,0.0,0.0,0.0,0.0,0.2,0.0,0.0,0.0,0.0,0.0
2020-12-17,-70.57527777,-8.24194444,16,AC,N,A138,2.0,2.0,0.0,0.0,0.0,0.0,0.0,0.0,0.0,0.0,0.0,0.0,0.0,0.0,0.0,0.0,0.0,0.0,0.0,0.0,0.0,0.0,0.0,0.0,0.0
2020-12-17,-64.7886111,-7.43527777,6,AM,N,A111,0.4,0.2,0.0,0.0,0.0,0.0,0.0,0.0,0.0,0.2,0.0,0.0,0.0,0.0,0.0,0.0,0.0,0.0,0.0,0.0,0.0,0.0,0.0,0.0,0.0
2020-12-17,-60.02555554,-2.05638888,7,AM,N,A120,38.2,0.0,0.0,0.0,0.0,0.0,0.0,0.0,0.0,0.0,0.0,0.0,0.0,0.0,0.0,0.0,0.0,0.0,0.0,0.0,8.0,11.6,18.6,0.0,0.0
2020-12-17,-56.75472222,-2.64055555,5,AM,N,A123,0.2,0.2,0.0,0.0,0.0,0.0,0.0,0.0,0.0,0.0,0.0,0.0,0.0,0.0,0.0,0.0,0.0,0.0,0.0,0.0,0.0,0.0,0.0,0.0,0.0
2020-12-17,-51.40416666,-0.41444444,8,AP,N,A244,1.2,0.0,0.0,0.2,0.0,0.0,0.0,0.0,0.0,0.0,0.0,0.0,0.0,0.0,0.0,0.0,0.0,0.0,1.0,0.0,0.0,0.0,0.0,0.0,0.0
2020-12-17,-51.0886111,-0.41444444,2,AP,N,A249,2.6,0.0,0.0,0.0,0.0,0.0,0.0,0.0,0.0,0.0,0.0,0.0,0.0,0.0,0.0,2.6,0.0,0.0,0.0,0.0,0.0,0.0,0.0,0.0,0.0
2020-12-17,-38.51666666,-13.01666666,5.4,BA,NE,A401,3.0,0.0,0.0,0.0,0.0,0.0,0.0,0.0,0.0,0.0,0.0,0.0,0.0,0.0,0.0,0.0,0.0,0.0,0.0,0.0,1.6,0.6,0.0,0.0,0.8
2020-12-17,-39.1811111,-14.65944444,7,BA,NE,A410,2.0,0.0,0.0,0.0,0.0,0.0,0.0,0.0,0.0,0.0,0.0,0.0,0.0,0.0,0.0,0.0,0.0,0.2,1.4,0.2,0.0,0.2,0.0,0.0,0.0
2020-12-17,-44.61722221,-13.33222221,54,BA,NE,A416,22.6,0.2,0.4,0.6,0.8,1.4,1.6,1.8,1.8,1.8,1.8,1.8,1.8,1.8,1.8,1.6,1.4,0.2,0.0,0.0,0.0,0.0,0.0,0.0,0.0
2020-12-17,-37.59972221,-11.8,31.,BA,NE,A431,15.0,0.0,0.0,0.0,1.0,2.6,0.0,0.0,0.0,0.0,1.0,1.6,0.0,0.0,0.0,0.0,0.0,0.0,1.0,0.6,1.0,4.4,1.6,0.2,0.0
2020-12-17,-38.19749999,-4.26111111,38.,CE,NE,A314,4.0,0.0,0.0,0.0,0.0,0.0,0.0,0.0,0.0,0.0,0.0,0.0,0.0,0.0,0.0,0.0,1.0,0.0,0.2,0.2,0.4,2.0,0.2,0.0,0.0
2020-12-17,-39.30166666,-7.31805554,40,CE,NE,A315,39.4,0.0,0.0,0.0,0.0,0.0,0.0,0.0,0.0,0.0,0.0,0.0,0.0,0.0,0.0,0.0,0.0,0.0,0.0,5.0,30.6,3.8,0.0,0.0,0.0
2020-12-17,-38.35638888,-5.13638888,43.,CE,NE,A332,3.2,0.0,0.0,0.0,0.0,0.0,0.0,0.0,0.0,0.0,0.0,0.0,0.0,0.0,0.0,0.8,0.2,2.2,0.0,0.0,0.0,0.0,0.0,0.0,0.0
2020-12-17,-37.77694443,-4.85333333,1,CE,NE,A339,13.2,0.0,0.0,0.0,0.0,0.0,0.0,0.0,0.0,0.0,0.0,0.0,0.0,0.0,0.0,0.0,0.0,0.0,6.8,6.2,0.2,0.0,0.0,0.0,0.0
2020-12-17,-47.45972222,-7.33722221,19,MA,NE,A205,4.6,0.0,0.0,0.0,4.4,0.2,0.0,0.0,0.0,0.0,0.0,0.0,0.0,0.0,0.0,0.0,0.0,0.0,0.0,0.0,0.0,0.0,0.0,0.0,0.0
2020-12-17,-45.93194443,-9.10805555,28,MA,NE,A223,2.4,0.0,0.0,2.4,0.0,0.0,0.0,0.0,0.0,0.0,0.0,0.0,0.0,0.0,0.0,0.0,0.0,0.0,0.0,0.0,0.0,0.0,0.0,0.0,0.0
2020-12-17,-47.45972222,-5.55555555,12,MA,NE,A225,3.0,0.0,0.0,0.0,0.0,3.0,0.0,0.0,0.0,0.0,0.0,0.0,0.0,0.0,0.0,0.0,0.0,0.0,0.0,0.0,0.0,0.0,0.0,0.0,0.0
2020-12-17,-36.28638888,-7.48333333,43,PB,NE,A348,0.2,0.2,0.0,0.0,0.0,0.0,0.0,0.0,0.0,0.0,0.0,0.0,0.0,0.0,0.0,0.0,0.0,0.0,0.0,0.0,0.0,0.0,0.0,0.0,0.0
2020-12-17,-36.49472221,-8.90694444,822.7,PE,NE,A322,8.2,0.0,0.0,0.0,0.0,0.0,0.0,0.0,8.2,0.0,0.0,0.0,0.0,0.0,0.0,0.0,0.0,0.0,0.0,0.0,0.0,0.0,0.0,0.0,0.0
2020-12-17,-38.29472221,-7.95361111,46,PE,NE,A350,3.0,0.0,0.0,0.0,0.0,0.0,0.0,0.0,0.0,0.0,0.0,0.0,0.0,0.0,0.0,0.0,0.0,0.0,0.0,1.4,1.6,0.0,0.0,0.0,0.0
2020-12-17,-41.77805554,-4.26388888,161.,PI,NE,A335,1.4,0.0,0.0,0.0,0.0,0.0,0.0,0.0,0.0,1.2,0.0,0.0,0.0,0.0,0.0,0.0,0.0,0.0,0.0,0.0,0.0,0.0,0.0,0.0,0.2
2020-12-17,-42.72749999,-6.08944444,18,PI,NE,A377,0.2,0.0,0.0,0.0,0.0,0.0,0.0,0.0,0.0,0.0,0.0,0.0,0.0,0.0,0.0,0.0,0.0,0.0,0.0,0.0,0.0,0.0,0.2,0.0,0.0
2020-12-17,-37.05,-10.95027777,4.7,SE,NE,A409,2.6,0.0,0.0,0.0,0.0,0.0,0.0,0.0,0.0,0.0,0.0,0.0,0.0,0.0,0.0,0.0,2.4,0.2,0.0,0.0,0.0,0.0,0.0,0.0,0.0
2020-12-17,-48.43833333,-1.41027777,2,PA,N,A201,21.4,0.0,0.0,0.0,0.0,0.0,21.0,0.0,0.2,0.2,0.0,0.0,0.0,0.0,0.0,0.0,0.0,0.0,0.0,0.0,0.0,0.0,0.0,0.0,0.0
2020-12-17,-47.93083332,-1.30083333,6,PA,N,A202,0.4,0.0,0.0,0.0,0.0,0.4,0.0,0.0,0.0,0.0,0.0,0.0,0.0,0.0,0.0,0.0,0.0,0.0,0.0,0.0,0.0,0.0,0.0,0.0,0.0
2020-12-17,-48.17333332,-4.82749999,20,PA,N,A214,12.4,0.0,0.0,0.0,0.0,0.0,8.0,4.2,0.0,0.0,0.0,0.0,0.0,0.0,0.0,0.0,0.0,0.0,0.0,0.2,0.0,0.0,0.0,0.0,0.0
2020-12-17,-46.78277777,-1.04527777,,PA,N,A226,20.0,0.0,0.0,0.0,0.0,2.2,16.8,1.0,0.0,0.0,0.0,0.0,0.0,0.0,0.0,0.0,0.0,0.0,0.0,0.0,0.0,0.0,0.0,0.0,0.0
2020-12-17,-47.0575,-1.73472221,8,PA,N,A248,1.0,0.2,0.2,0.2,0.2,0.0,0.0,0.0,0.0,0.0,0.0,0.0,0.0,0.0,0.0,0.0,0.0,0.0,0.0,0.0,0.0,0.0,0.0,0.2,0.0
2020-12-17,-60.15777777,-12.73472221,59,RO,N,A938,1.0,0.0,0.0,0.0,0.2,0.0,0.0,0.0,0.0,0.0,0.2,0.0,0.0,0.0,0.2,0.0,0.0,0.0,0.2,0.0,0.0,0.2,0.0,0.0,0.0
2020-12-17,-47.87194443,-12.615,28,TO,N,A010,0.8,0.0,0.0,0.0,0.0,0.0,0.6,0.2,0.0,0.0,0.0,0.0,0.0,0.0,0.0,0.0,0.0,0.0,0.0,0.0,0.0,0.0,0.0,0.0,0.0
2020-12-17,-48.4786111,-8.09277777,2,TO,N,A049,0.2,0.0,0.0,0.0,0.0,0.0,0.0,0.0,0.0,0.0,0.0,0.0,0.0,0.0,0.2,0.0,0.0,0.0,0.0,0.0,0.0,0.0,0.0,0.0,0.0
2020-12-17,-49.84777777,-10.80833333,17,TO,N,A055,0.4,0.0,0.0,0.0,0.0,0.0,0.0,0.2,0.0,0.0,0.0,0.0,0.0,0.0,0.0,0.0,0.0,0.0,0.0,0.0,0.2,0.0,0.0,0.0,0.0
2020-12-17,-40.57944443,-19.98833333,9,ES,SE,A613,0.2,0.0,0.0,0.0,0.0,0.0,0.0,0.0,0.0,0.0,0.0,0.0,0.0,0.0,0.0,0.0,0.0,0.0,0.0,0.2,0.0,0.0,0.0,0.0,0.0
2020-12-17,-43.76694443,-21.22888888,11,MG,SE,A502,0.6,0.0,0.0,0.0,0.0,0.4,0.2,0.0,0.0,0.0,0.0,0.0,0.0,0.0,0.0,0.0,0.0,0.0,0.0,0.0,0.0,0.0,0.0,0.0,0.0
2020-12-17,-46.04333333,-22.86138888,15,MG,SE,A509,14.6,0.0,0.0,0.0,0.0,0.2,0.2,0.0,0.0,6.8,0.0,0.0,0.0,0.0,0.0,0.0,0.0,0.0,0.0,6.8,0.2,0.0,0.4,0.0,0.0
2020-12-17,-43.76944443,-20.54583333,06,MG,SE,A513,4.4,0.0,0.0,3.8,0.2,0.0,0.2,0.0,0.0,0.0,0.0,0.0,0.0,0.0,0.0,0.0,0.0,0.0,0.0,0.0,0.0,0.2,0.0,0.0,0.0
2020-12-17,-45.40416666,-21.56638888,9,MG,SE,A515,0.2,0.0,0.0,0.0,0.0,0.0,0.0,0.0,0.0,0.0,0.0,0.0,0.2,0.0,0.0,0.0,0.0,0.0,0.0,0.0,0.0,0.0,0.0,0.0,0.0
2020-12-17,-44.96166666,-22.3961111,14,MG,SE,A529,7.4,0.0,0.2,0.0,0.0,0.0,0.0,0.0,0.0,0.0,0.0,1.0,1.0,0.0,0.0,0.0,0.0,0.0,0.6,4.4,0.2,0.0,0.0,0.0,0.0
2020-12-17,-46.38305554,-21.91805554,115,MG,SE,A530,2.6,2.0,0.0,0.0,0.0,0.0,0.0,0.0,0.0,0.0,0.0,0.0,0.0,0.0,0.0,0.0,0.0,0.0,0.0,0.2,0.2,0.2,0.0,0.0,0.0
2020-12-17,-45.37277777,-22.31444444,1276.,MG,SE,A531,3.0,0.0,0.0,0.0,0.0,0.0,0.0,0.0,0.0,0.0,0.0,0.0,0.0,0.0,0.0,0.0,0.0,0.0,3.0,0.0,0.0,0.0,0.0,0.0,0.0
2020-12-17,-42.94305555,-18.78666666,86,MG,SE,A533,0.2,0.0,0.0,0.0,0.0,0.0,0.0,0.0,0.0,0.0,0.0,0.0,0.0,0.0,0.0,0.0,0.0,0.2,0.0,0.0,0.0,0.0,0.0,0.0,0.0
2020-12-17,-43.28222221,-22.58972221,,RJ,SE,A603,0.2,0.0,0.0,0.0,0.0,0.0,0.0,0.0,0.0,0.0,0.0,0.0,0.0,0.0,0.0,0.0,0.0,0.0,0.0,0.2,0.0,0.0,0.0,0.0,0.0
2020-12-17,-42.98722221,-22.44888888,98,RJ,SE,A618,13.6,0.0,0.0,1.2,0.8,10.4,0.0,0.0,0.2,0.0,0.0,0.0,0.0,0.0,0.0,0.0,0.0,0.0,0.0,0.2,0.6,0.2,0.0,0.0,0.0
2020-12-17,-44.72666666,-23.22333332,,RJ,SE,A619,10.0,0.0,0.0,0.0,0.0,4.6,0.0,0.0,0.4,2.0,0.0,0.0,0.2,0.0,0.0,0.0,0.0,0.0,1.0,1.8,0.0,0.0,0.0,0.0,0.0
2020-12-17,-43.41111111,-22.86083333,4,RJ,SE,A621,0.4,0.0,0.0,0.0,0.0,0.0,0.0,0.0,0.0,0.0,0.0,0.0,0.0,0.0,0.0,0.0,0.0,0.0,0.0,0.0,0.2,0.0,0.0,0.0,0.2
2020-12-17,-42.67722221,-22.33305554,104,RJ,SE,A624,0.2,0.0,0.0,0.0,0.0,0.0,0.0,0.0,0.0,0.0,0.0,0.0,0.0,0.0,0.0,0.0,0.0,0.0,0.0,0.2,0.0,0.0,0.0,0.0,0.0
2020-12-17,-43.20861111,-22.09833333,30,RJ,SE,A625,0.6,0.0,0.0,0.0,0.0,0.0,0.0,0.0,0.0,0.0,0.0,0.0,0.0,0.0,0.0,0.0,0.0,0.0,0.0,0.0,0.4,0.0,0.0,0.2,0.0
2020-12-17,-44.70305555,-22.37388888,245,RJ,SE,A635,2.4,0.0,0.0,0.0,0.0,0.0,0.0,0.0,0.4,0.2,0.0,0.0,0.2,0.4,1.2,0.0,0.0,0.0,0.0,0.0,0.0,0.0,0.0,0.0,0.0
2020-12-17,-43.40277777,-22.93972221,2,RJ,SE,A636,2.2,0.0,0.0,0.0,0.0,0.0,0.0,0.0,0.0,0.0,0.0,0.0,0.0,0.0,0.0,0.0,0.0,0.0,0.0,2.0,0.2,0.0,0.0,0.0,0.0
2020-12-17,-43.19027777,-22.98833333,4,RJ,SE,A652,0.8,0.0,0.0,0.0,0.0,0.0,0.0,0.0,0.0,0.0,0.0,0.0,0.0,0.0,0.0,0.0,0.0,0.0,0.0,0.6,0.2,0.0,0.0,0.0,0.0
2020-12-17,-42.41583333,-22.64583333,1,RJ,SE,A659,0.8,0.0,0.0,0.0,0.0,0.0,0.6,0.2,0.0,0.0,0.0,0.0,0.0,0.0,0.0,0.0,0.0,0.0,0.0,0.0,0.0,0.0,0.0,0.0,0.0
2020-12-17,-46.61666666,-23.48333333,792.0,SP,SE,A701,26.2,0.0,0.0,0.0,0.0,0.2,6.8,0.6,0.0,0.0,0.2,0.0,0.0,0.4,10.6,1.4,0.0,4.8,0.8,0.4,0.0,0.0,0.0,0.0,0.0
2020-12-17,-49.02888888,-22.35805555,,SP,SE,A705,49.0,0.0,0.0,0.0,0.0,0.0,0.0,20.8,18.8,7.4,0.4,0.2,0.0,0.0,0.0,0.0,1.0,0.4,0.0,0.0,0.0,0.0,0.0,0.0,0.0
2020-12-17,-47.88333333,-21.97972221,86,SP,SE,A711,0.4,0.0,0.0,0.0,0.0,0.0,0.0,0.0,0.0,0.0,0.0,0.0,0.0,0.0,0.0,0.0,0.0,0.4,0.0,0.0,0.0,0.0,0.0,0.0,0.0
2020-12-17,-47.55,-24.71666666,2.,SP,SE,A712,20.8,0.0,0.0,0.0,0.0,0.0,0.0,0.0,0.0,0.0,0.0,0.0,0.0,0.0,0.0,0.0,19.6,1.2,0.0,0.0,0.0,0.0,0.0,0.0,0.0
2020-12-17,-47.66666666,-23.35,60,SP,SE,A713,5.6,0.0,0.0,0.0,0.0,0.0,0.0,0.0,0.0,0.0,0.0,0.6,2.8,0.0,0.0,0.0,0.0,0.2,2.0,0.0,0.0,0.0,0.0,0.0,0.0
2020-12-17,-48.88527777,-23.98138888,74,SP,SE,A714,41.0,0.0,0.0,0.0,0.0,0.0,0.0,0.0,0.0,0.0,0.0,0.0,0.0,24.6,11.2,3.6,1.4,0.2,0.0,0.0,0.0,0.0,0.0,0.0,0.0
2020-12-17,-48.16444444,-23.85138888,67,SP,SE,A715,21.2,0.0,0.0,0.0,0.2,0.0,0.0,0.0,0.0,0.0,0.0,0.0,0.0,0.0,2.4,7.4,4.8,3.4,2.4,0.6,0.0,0.0,0.0,0.0,0.0
2020-12-17,-50.97416666,-22.37249999,39,SP,SE,A718,7.0,0.0,0.0,0.0,0.0,0.0,0.0,0.0,0.0,0.0,0.0,6.6,0.4,0.0,0.0,0.0,0.0,0.0,0.0,0.0,0.0,0.0,0.0,0.0,0.0
2020-12-17,-45.52027777,-23.04194444,57,SP,SE,A728,5.2,0.0,0.0,0.0,0.0,0.0,0.0,0.0,0.0,0.0,3.0,0.0,0.0,0.0,0.0,0.0,0.0,0.0,0.0,0.0,0.0,0.8,1.4,0.0,0.0
2020-12-17,-49.96583333,-20.40305555,46,SP,SE,A729,2.8,0.2,0.2,0.2,0.0,0.2,0.2,0.2,0.2,0.0,0.2,0.0,0.2,0.0,0.2,0.0,0.2,0.0,0.2,0.0,0.0,0.2,0.0,0.2,0.0
2020-12-17,-46.53055554,-23.95194444,89,SP,SE,A744,10.4,0.0,0.2,0.0,0.0,0.0,0.0,0.0,0.0,0.0,0.0,0.0,0.0,0.0,0.0,0.0,0.0,0.0,5.0,5.2,0.0,0.0,0.0,0.0,0.0
2020-12-17,-51.55222222,-21.45777777,8,SP,SE,A762,2.8,0.0,0.0,0.0,0.0,0.0,0.0,0.0,0.0,0.0,0.0,0.0,2.8,0.0,0.0,0.0,0.0,0.0,0.0,0.0,0.0,0.0,0.0,0.0,0.0
2020-12-17,-49.965,-22.23527777,66,SP,SE,A763,26.4,0.0,0.0,0.0,0.0,0.0,0.0,13.2,0.0,0.0,0.0,0.0,0.0,9.6,2.8,0.8,0.0,0.0,0.0,0.0,0.0,0.0,0.0,0.0,0.0
2020-12-17,-46.67805554,-23.72472221,77,SP,SE,A771,9.6,0.0,0.0,0.0,0.0,0.0,0.0,0.0,0.0,0.0,0.0,0.0,0.0,0.2,4.6,1.4,0.0,0.0,0.0,3.0,0.4,0.0,0.0,0.0,0.0
2020-12-17,-49.26666666,-25.43333333,923.,PR,S,A807,15.4,0.0,0.0,0.0,0.0,0.0,0.0,0.0,0.0,0.0,0.0,12.4,2.0,1.0,0.0,0.0,0.0,0.0,0.0,0.0,0.0,0.0,0.0,0.0,0.0
2020-12-17,-50.8711111,-25.01333333,0,PR,S,A818,32.4,0.0,0.0,0.0,0.0,0.0,0.0,0.0,0.0,12.4,1.4,0.2,0.0,0.0,0.0,0.0,0.2,1.0,5.0,1.4,5.2,3.8,0.8,0.0,1.0
2020-12-17,-49.99972221,-24.78944444,1007.7,PR,S,A819,5.2,0.0,0.0,0.0,0.0,0.0,0.0,0.0,0.0,0.0,2.4,1.4,0.0,0.0,0.2,0.0,0.4,0.4,0.2,0.0,0.0,0.0,0.0,0.2,0.0
2020-12-17,-54.01972221,-24.53583333,39,PR,S,A820,40.0,0.0,0.0,15.4,3.2,5.6,5.8,4.0,0.2,2.2,0.0,0.0,0.0,0.0,0.0,0.0,0.0,0.0,0.0,0.0,0.0,1.4,0.4,0.0,1.8
2020-12-17,-51.08944444,-25.56583333,126,PR,S,A823,18.4,0.0,0.0,0.0,0.0,0.0,0.0,0.0,0.0,8.0,6.8,0.8,0.0,0.0,0.0,0.2,0.0,0.2,0.0,0.0,0.0,0.2,0.0,0.0,2.2
2020-12-17,-51.91666666,-23.40777777,54,PR,S,A835,18.4,0.0,0.0,0.0,0.0,0.0,0.0,0.0,0.4,7.4,6.2,4.0,0.4,0.0,0.0,0.0,0.0,0.0,0.0,0.0,0.0,0.0,0.0,0.0,0.0
2020-12-17,-52.13444444,-22.49166666,3,PR,S,A850,32.0,0.0,0.0,0.0,0.0,0.0,0.0,0.0,0.0,21.6,6.4,3.0,1.0,0.0,0.0,0.0,0.0,0.0,0.0,0.0,0.0,0.0,0.0,0.0,0.0
2020-12-17,-52.93194443,-23.37583332,38,PR,S,A869,23.2,0.0,0.0,0.0,0.0,0.0,0.0,1.0,16.0,1.4,1.8,0.2,0.2,0.0,0.0,0.0,0.0,0.0,0.0,0.0,1.6,0.0,0.2,0.0,0.8
2020-12-17,-50.18055554,-23.77305554,69,PR,S,A871,6.4,0.0,0.0,0.0,0.0,0.0,0.0,0.0,0.0,0.0,0.0,4.4,0.8,0.8,0.2,0.0,0.0,0.0,0.2,0.0,0.0,0.0,0.0,0.0,0.0
2020-12-17,-50.3686111,-25.83499999,7,PR,S,A874,4.0,0.0,0.0,0.0,0.0,0.0,0.0,0.0,0.0,0.0,0.0,3.0,0.0,0.0,0.0,0.6,0.0,0.0,0.4,0.0,0.0,0.0,0.0,0.0,0.0
2020-12-17,-49.1575,-25.32222221,95,PR,S,B806,7.8,0.2,0.0,0.0,0.0,0.0,0.0,0.0,0.0,0.0,0.0,0.0,0.0,6.2,0.8,0.2,0.0,0.0,0.0,0.0,0.0,0.0,0.4,0.0,0.0
2020-12-17,-51.16666666,-30.05,46.9,RS,S,A801,1.0,0.0,0.0,0.0,0.0,0.0,0.0,0.0,0.4,0.2,0.0,0.0,0.0,0.0,0.0,0.0,0.4,0.0,0.0,0.0,0.0,0.0,0.0,0.0,0.0
2020-12-17,-49.73305554,-29.35027777,4.,RS,S,A808,64.6,0.0,0.0,0.0,0.0,0.0,0.0,4.2,0.0,0.0,9.8,0.0,6.0,10.6,26.0,1.6,3.8,0.4,0.0,0.4,0.4,0.4,0.8,0.2,0.0
2020-12-17,-52.38249999,-29.87333332,,RS,S,A813,1.2,0.0,0.0,0.0,0.0,0.0,0.0,0.0,0.0,0.0,0.0,0.6,0.6,0.0,0.0,0.0,0.0,0.0,0.0,0.0,0.0,0.0,0.0,0.0,0.0
2020-12-17,-52.30638888,-27.66027777,76,RS,S,A828,7.4,0.0,0.0,0.0,0.0,0.0,0.0,0.0,0.6,6.6,0.0,0.0,0.0,0.0,0.0,0.0,0.0,0.0,0.0,0.0,0.0,0.0,0.2,0.0,0.0
2020-12-17,-50.05833333,-28.75138888,12,RS,S,A829,7.0,0.0,0.0,0.0,0.0,0.0,0.0,0.0,0.0,1.0,0.0,1.4,1.8,0.2,0.0,0.0,0.0,1.0,0.8,0.4,0.2,0.2,0.0,0.0,0.0
2020-12-17,-50.13527777,-30.00972222,,RS,S,A834,0.6,0.0,0.0,0.0,0.0,0.0,0.0,0.0,0.0,0.0,0.0,0.0,0.0,0.0,0.0,0.0,0.0,0.0,0.0,0.0,0.0,0.4,0.2,0.0,0.0
2020-12-17,-51.83472221,-30.81055555,90.,RS,S,A838,1.0,0.0,0.0,1.0,0.0,0.0,0.0,0.0,0.0,0.0,0.0,0.0,0.0,0.0,0.0,0.0,0.0,0.0,0.0,0.0,0.0,0.0,0.0,0.0,0.0
2020-12-17,-52.40388888,-28.22944443,684.0,RS,S,A839,9.2,0.0,0.0,0.0,0.0,0.0,0.0,0.0,0.0,0.0,4.8,3.8,0.6,0.0,0.0,0.0,0.0,0.0,0.0,0.0,0.0,0.0,0.0,0.0,0.0
2020-12-17,-51.51222222,-28.22194443,42.5,RS,S,A844,8.6,0.0,0.0,0.0,0.0,0.0,0.0,0.0,0.0,4.2,3.4,0.6,0.2,0.0,0.0,0.0,0.0,0.0,0.0,0.0,0.0,0.0,0.0,0.0,0.2
2020-12-17,-53.6736111,-28.60361111,43,RS,S,A853,5.8,0.0,0.0,0.0,0.0,0.0,0.0,0.0,0.2,1.0,1.0,1.4,0.0,0.4,0.0,0.8,1.0,0.0,0.0,0.0,0.0,0.0,0.0,0.0,0.0
2020-12-17,-50.82749999,-29.36888888,83,RS,S,A879,0.2,0.0,0.0,0.0,0.0,0.0,0.0,0.0,0.2,0.0,0.0,0.0,0.0,0.0,0.0,0.0,0.0,0.0,0.0,0.0,0.0,0.0,0.0,0.0,0.0
2020-12-17,-50.88277777,-28.51361111,98,RS,S,A880,16.4,0.0,0.0,0.0,0.0,0.0,0.0,0.0,7.6,1.6,3.8,2.0,0.2,0.2,0.2,0.0,0.0,0.6,0.0,0.0,0.0,0.0,0.2,0.0,0.0
2020-12-17,-53.11194444,-28.65333333,45,RS,S,A883,0.6,0.0,0.0,0.0,0.0,0.0,0.0,0.0,0.0,0.0,0.0,0.0,0.0,0.0,0.4,0.0,0.0,0.0,0.0,0.0,0.0,0.2,0.0,0.0,0.0
2020-12-17,-51.06416666,-29.67444443,2,RS,S,A884,0.8,0.0,0.0,0.0,0.0,0.0,0.0,0.0,0.0,0.0,0.0,0.0,0.0,0.0,0.0,0.0,0.0,0.0,0.4,0.4,0.0,0.0,0.0,0.0,0.0
2020-12-17,-53.82666666,-29.89388888,46,RS,S,A886,46.8,0.0,0.0,0.0,36.0,0.0,3.6,5.6,0.0,0.2,0.0,0.0,0.8,0.4,0.0,0.0,0.0,0.0,0.0,0.0,0.0,0.0,0.0,0.0,0.2
2020-12-17,-51.87055554,-28.70472222,4,RS,S,A894,12.0,0.0,0.0,0.0,0.0,0.0,0.0,0.0,0.0,3.4,0.2,0.0,4.0,1.4,1.6,0.8,0.4,0.0,0.0,0.2,0.0,0.0,0.0,0.0,0.0
2020-12-17,-50.14944444,-29.04888888,101,RS,S,A897,4.4,0.0,0.0,0.0,0.0,0.0,0.0,2.4,0.0,0.0,0.0,0.0,0.0,0.0,0.0,0.0,0.0,0.6,0.4,0.4,0.4,0.2,0.0,0.0,0.0
2020-12-17,-48.61999999,-27.6025,1.,SC,S,A806,29.8,0.0,0.0,0.0,0.0,0.0,0.0,0.0,0.0,0.0,0.0,0.0,0.0,0.0,0.0,1.4,7.6,7.2,4.6,2.8,3.0,2.6,0.0,0.2,0.4
2020-12-17,-49.31555555,-28.53249999,4,SC,S,A814,36.8,0.0,0.0,0.0,0.0,0.0,0.0,8.4,14.0,0.2,0.8,0.6,1.2,0.4,0.0,1.2,1.0,2.4,0.6,0.8,0.0,1.0,0.0,3.6,0.6
2020-12-17,-49.93444444,-28.27555554,141,SC,S,A815,2.0,0.0,0.0,0.0,0.0,0.0,0.0,0.0,0.0,0.0,0.2,0.0,0.0,0.0,0.0,0.0,0.6,0.0,0.2,0.0,0.4,0.2,0.0,0.2,0.2
2020-12-17,-52.85055555,-26.40694444,96,SC,S,A816,5.8,0.0,0.0,0.0,0.0,0.0,1.4,0.2,0.2,0.0,0.0,0.0,0.0,0.0,0.0,0.4,3.4,0.0,0.2,0.0,0.0,0.0,0.0,0.0,0.0
2020-12-17,-49.26749999,-26.91361111,86.1,SC,S,A817,11.4,0.0,0.0,0.0,0.0,0.0,0.0,0.0,0.0,0.0,0.0,0.0,0.0,0.0,2.0,7.2,2.0,0.0,0.0,0.0,0.0,0.2,0.0,0.0,0.0
2020-12-17,-51.57555554,-27.16944443,77,SC,S,A841,6.6,0.0,0.0,0.0,5.4,0.0,0.6,0.2,0.0,0.0,0.0,0.0,0.0,0.0,0.0,0.0,0.0,0.0,0.0,0.4,0.0,0.0,0.0,0.0,0.0
2020-12-17,-49.48333333,-28.13333333,181,SC,S,A845,22.8,0.0,0.0,0.0,0.0,2.0,0.0,0.2,0.0,1.0,4.0,5.4,1.4,2.8,1.2,0.0,1.0,1.4,0.0,0.0,0.0,0.0,0.6,0.8,1.0
2020-12-17,-53.63277777,-26.28638888,81,SC,S,A848,7.8,5.6,0.0,0.0,1.4,0.2,0.4,0.0,0.0,0.0,0.0,0.0,0.2,0.0,0.0,0.0,0.0,0.0,0.0,0.0,0.0,0.0,0.0,0.0,0.0
2020-12-17,-48.64166666,-26.0811111,,SC,S,A851,4.6,0.0,0.0,0.0,0.0,0.0,0.0,0.0,0.0,0.0,0.0,0.0,0.0,0.0,1.0,3.4,0.0,0.0,0.0,0.0,0.2,0.0,0.0,0.0,0.0
2020-12-17,-50.98555555,-26.81944443,95,SC,S,A859,8.8,0.0,0.0,0.0,0.0,0.0,0.0,6.2,0.2,0.0,0.8,0.2,0.0,0.0,0.0,0.2,0.6,0.2,0.0,0.4,0.0,0.0,0.0,0.0,0.0
2020-12-17,-50.60416666,-27.2886111,86,SC,S,A860,7.2,0.0,0.0,0.0,0.0,2.2,0.0,0.0,0.0,1.2,0.0,0.8,0.8,0.0,0.0,0.0,0.0,0.4,0.8,0.6,0.2,0.2,0.0,0.0,0.0
2020-12-17,-50.14638888,-26.93749999,59,SC,S,A861,1.4,0.0,0.0,0.0,0.2,0.0,0.0,0.0,0.0,0.0,0.0,0.0,0.0,0.0,0.0,0.0,0.0,0.0,0.0,0.8,0.2,0.0,0.2,0.0,0.0
2020-12-17,-49.58055554,-26.2486111,86,SC,S,A862,11.8,0.0,0.0,0.0,0.0,0.0,0.0,0.0,0.0,0.0,0.0,0.0,0.4,11.0,0.2,0.2,0.0,0.0,0.0,0.0,0.0,0.0,0.0,0.0,0.0
2020-12-17,-49.64666666,-27.41833332,8,SC,S,A863,48.0,0.0,0.0,0.0,0.0,0.0,0.0,0.0,0.0,0.0,0.0,0.0,0.0,15.4,22.2,4.6,4.8,0.8,0.0,0.0,0.0,0.2,0.0,0.0,0.0
2020-12-17,-48.81333333,-28.60416666,5,SC,S,A866,9.0,0.0,0.0,0.0,0.0,0.0,0.0,0.0,0.0,0.0,0.0,0.0,0.2,0.4,0.2,0.2,1.0,1.0,0.2,2.8,2.8,0.2,0.0,0.0,0.0
2020-12-17,-49.49805555,-28.93138888,1,SC,S,A867,52.2,0.0,0.0,0.0,0.0,0.0,0.0,0.0,17.4,0.2,0.0,0.0,1.0,0.0,0.0,0.2,0.2,0.8,9.8,5.4,10.0,4.8,2.4,0.0,0.0
2020-12-17,-49.04194444,-27.6786111,88,SC,S,A870,18.2,0.0,0.0,0.0,0.0,0.0,0.0,0.0,0.0,0.0,0.0,0.0,0.0,0.0,3.2,6.0,6.8,0.6,0.4,0.4,0.0,0.0,0.0,0.2,0.6
2020-12-17,-51.21583333,-27.3886111,96,SC,S,A898,1.6,0.0,0.0,0.0,0.0,0.0,0.0,0.0,0.0,0.0,0.0,0.0,0.0,0.0,0.0,0.0,0.0,0.8,0.2,0.0,0.4,0.0,0.2,0.0,0.0
